53112
151978
187145
664771
1059916
1366371
1560571
1636651
1681661
1737296
1956116
2122541
2644421
2764101
2926031
2967086
3065621
3116421
3116606
3195581
3195676
3254271
3378466
3388136
3464216
3545506
3572156
4148996
4206236
4290126
4322076
4334601
4363956
4405721
4468106
4520351
4624531
4648226
4849296
4858437
4892455
4982204
5015825
5040714
5041503
5049266
5049350
5067899
5095156
5115339
5161560
5164616
5167030
5184068
5189244
5189396
5214611
5235712
5241193
5258622
5264243
5273397
5277124
5278330
5284468
5322068
5322310
5322618
5353450
5374214
5380593
5408232
5462231
5520150
5533041
5542917
5563312
5587698
5606925
5628903
5641772
5654361
5727116
5738720
5829511
5869624
5871649
5884916
5912321
5928043
5932295
5939397
5947379
5949048
6014038
6064223
6066748
6076504
6082574
6154221
6167287
6182791
6193854
6197636
6227469
6230182
6294168
6310358
6327579
6403063
6453325
6462400
6469307
6474917
6525968
6547145
6553076
6589707
6614915
6619768
6637980
6680898
6706423
6727532
6753778
6777068
6784711
6819080
6825271
6836527
6854162
6867120
6883295
6895849
6912882
6916990
6948469
7010373
7035878
7046997
7047347
7084480
7106215
7114010
7116685
7251228
7261193
7376261
7719545
7764077
7789991
7796558
7804496
7821782
7897340
8038875
8255009
8274728
8291423
8519828
8576477
8809722
8856972
8990861
9097712
9176907
9335251
9783979
10116676
10222084
10385791
10482466
10615345
10873102
10950139
10982881
11331817
11369008
11446849
11448568
11493661
11502730
11768992
11778064
11845018
12650686
12940042
12962422
12995479
13041364
13175719
13522453
13949002
14808115
14841628
16143016
16415281
16481788
16731844
16731847
16772323
17748631
18579397
19697590
19801948
20017231
20042809
20494234
20643787
20939443
21720475
21869797
22178698
22534120
22740076
23559259
24053521
24436870
24936445
25473316
25538236
25756924
26382586
26687251
26754214
27136090
29352290
29797676
30509765
31541576
32524646
36377900
